q<-c(45,77,20,19,101,120,212)
r<-5/9*(q-32)
r