h1<-c(value[1],value[3])
h1

h2<-value[-c(1,3)]
h2

h3<-c(h1[1],h2 ,h1[2])
h3