l1 <- c(32, 68, 14, 0, 113, 104, 198)
l2<- (5/9) * (l1 - 32)
l2

