f<-c(45,77,20,19,101,120,212)
c<-5/9*(f-32)
c
