#  Convert Fahrenheit to Celsius in a vectorized manner

F_temps2 <- c(32, 68, 14, 0, 113, 104, 198)
C_temps2 <- (5/9) * (F_temps2 - 32)
