a<-c(11,7,9,8,5,44,3,2,22,2,166,8,8555,8,89)
a[a>10]
