a<-c(1,2,3,4)
d<-rep(c(1,2),2,5)
d
a+d