b<-c(-1,1,-2,2,-4,3,4,5,-4,-10)
b>0